# **************************************************************************** #
#                                                                              #
#                                                         :::      ::::::::    #
#    Makefile                                           :+:      :+:    :+:    #
#                                                     +:+ +:+         +:+      #
#    By: iwillens <iwillens@student.42.fr>          +#+  +:+       +#+         #
#                                                 +#+#+#+#+#+   +#+            #
#    Created: 2021/07/23 17:38:02 by iwillens          #+#    #+#              #
#    Updated: 2021/08/21 19:17:21 by iwillens         ###   ########.fr        #
#                                                                              #
# **************************************************************************** #

NAME = push_swap

CC = clang
CCFLAGS = -Wall -Werror -Wextra 

SRC_DIR = ./srcs
OBJ_DIR = ./build
INC_DIR = ./includes

COMMON_FILES =	${SRC_DIR}/libft_basics.c \
				${SRC_DIR}/libft_atoi.c \
				${SRC_DIR}/arguments.c \
				${SRC_DIR}/arguments_helpers.c \
				${SRC_DIR}/exit.c \
				${SRC_DIR}/oper_push.c \
				${SRC_DIR}/oper_rotate.c \
				${SRC_DIR}/oper_swap.c \
				${SRC_DIR}/oper_reverse.c \
				${SRC_DIR}/oper_helpers.c \
				${SRC_DIR}/sort_small.c \
				${SRC_DIR}/sort_radix.c \
				${SRC_DIR}/push_init.c

PS_SRCS = ${COMMON_FILES} \
		${SRC_DIR}/push_swap.c

CK_SRCS = ${COMMON_FILES} \
		${SRC_DIR}/bonus_checker.c \
		${SRC_DIR}/bonus_checker_ops.c \
		${SRC_DIR}/bonus_checker_validate.c \
		${SRC_DIR}/bonus_checker_gnl.c

PS_OBJS = $(patsubst ${SRC_DIR}/%.c, ${OBJ_DIR}/%.o, ${PS_SRCS})
CK_OBJS = $(patsubst ${SRC_DIR}/%.c, ${OBJ_DIR}/%.o, ${CK_SRCS})

all: ${NAME}

${NAME}: ${PS_OBJS} ${INC_DIR}
	${CC} ${CCFLAGS} ${PS_OBJS} -I ${INC_DIR} -o ${NAME}

bonus: ${CK_OBJS} ${INC_DIR}
	${CC} ${CCFLAGS} ${CK_OBJS} -I ${INC_DIR} -o checker

${OBJ_DIR}/%.o: ${SRC_DIR}/%.c ${INC_DIR}
	mkdir -p ${OBJ_DIR}
	${CC} -c ${CCFLAGS} $< -I ${INC_DIR} -o $@

clean:
	rm -rf ${OBJ_DIR}

fclean: clean
	rm -rf ./${NAME}
	rm -rf ./checker

re: fclean all

test: all
	./${NAME} 25307 63527 77998 125773 126147 131306 135072 141641 149326 159981 160090 162603 172758 178975 185024 187252 208045 214905 215270 218955 223695 245211 301597 307507 314320 339221 341521 351998 370921 379289 412414 436020 466900 494476 502410 509890 530319 533732 542976 584563 587238 590206 591812 592501 613986 617177 623533 633672 648521 665486 679110 681158 696702 697502 715997 739446 747964 753319 756056 760170 780615 792197 798542 801521 806544 807767 843814 892272 908947 915582 950684 970825 983934 1001506 1015987 1024440 1029702 1039086 1046579 1063797 1064758 1066719 1068700 1087526 1104456 1106392 1107181 1118028 1119261 1142357 1152463 1161630 1161868 1203305 1204892 1217868 1237556 1249271 1250795 1262636 1264405 1267299 1269115 1279771 1296556 1297848 1300307 1324872 1343798 1352173 1355043 1355477 1371106 1378681 1444582 1448385 1453663 1484225 1513502 1539206 1545332 1546368 1547209 1552026 1554657 1566302 1568329 1584198 1589773 1596643 1607753 1611104 1618849 1620089 1623054 1651541 1652100 1695928 1722309 1754981 1761547 1765824 1774695 1777246 1782084 1785307 1807770 1810729 1813518 1820264 1826137 1847870 1853898 1861164 1911296 1912706 1933030 1940658 1940898 1942848 1944467 1944534 1964293 1965917 1971177 1984047 1986724 2006945 2008962 2019643 2031961 2050066 2056715 2085761 2098943 2099044 2113823 2123227 2135474 2146343 2163709 2170854 2179587 2181817 2183752 2184651 2195608 2202893 2212258 2221963 2238334 2254069 2258092 2263605 2268126 2271405 2281778 2283387 2290036 2291893 2298721 2306086 2308247 2317697 2343671 2343793 2348036 2352184 2358647 2390519 2398464 2407383 2409909 2437684 2445453 2462269 2476439 2479973 2482737 2509891 2539527 2552335 2552828 2560264 2561938 2596607 2596728 2611163 2624102 2637281 2639367 2650203 2657412 2673554 2679197 2682138 2690763 2703343 2721457 2722474 2731327 2734760 2749150 2752117 2766065 2774200 2783917 2795227 2807242 2807715 2811910 2817958 2838856 2843215 2850933 2851535 2871776 2902290 2912055 2925909 2943593 2945340 2969044 2983158 2988601 2994778 3002221 3004025 3006000 3020473 3021554 3032409 3072593 3076457 3086414 3090861 3098995 3118205 3137554 3140921 3146306 3155488 3158483 3160557 3195828 3197813 3208719 3237349 3245173 3266023 3276467 3281702 3282864 3298490 3299054 3310016 3312797 3333649 3336939 3342899 3348000 3361030 3361118 3361706 3365219 3375104 3378727 3383196 3386199 3388425 3402323 3403478 3410291 3420754 3422360 3429478 3440962 3443228 3451450 3462458 3466495 3480216 3492711 3495890 3499903 3510756 3527350 3531881 3540758 3546715 3548932 3554931 3586914 3602946 3619103 3632630 3640407 3644956 3649247 3651360 3662875 3665721 3666644 3668832 3676722 3705761 3715864 3749166 3768652 3773770 3808539 3813468 3822119 3854363 3866693 3871158 3875266 3877131 3885547 3888252 3899934 3908745 3909350 3912677 3925681 3926219 3931045 3935296 3937514 3947764 3975521 3975650 4026642 4062881 4064905 4066737 4083095 4086434 4114050 4151112 4167245 4186686 4206015 4209039 4240981 4283281 4292919 4292942 4299905 4308243 4312292 4317188 4325519 4341984 4343380 4363035 4368167 4386421 4396200 4419621 4430402 4442217 4449369 4463681 4468433 4478138 4480458 4484830 4500226 4505681 4518805 4537990 4561161 4563699 4575046 4584848 4591761 4629413 4633837 4634162 4649158 4649690 4657181 4661300 4664084 4684164 4689504 4692898 4706575 4708870 4725221 4737407 4748011 4766978 4767894 4772705 4772780 4773071 4779150 4782708 4819668 4846698 4859223 4869559 4897676 4906264 4921704 4929485 4930744 4931285 4939049 4955613 4974097 5003642 5011498 5017027 5025951 5034950 5051556 5076588 5088971 5090651 5107814 5124485 5125525 5130901 5138190 5163319 5174618 5179870 5185032 5189550 5246763 5255532 5256259 5261150 5272484 5273997 5285107 5287900 5291935 5327693 5355182 5357000 5365624 5378660 5380392 5382217 5393930 5394062 5404174 5408109 5429821 5441679 5460567 5468755 5474376 5481052 5503102 5506331 5511681 5514378 5523106 5580895 5586258 5593305 5597300 5601140 5611617 5613658 5629403 5644100 5659729 5675035 5695277 5697508 5702105 5714603 5716354 5722116 5722279 5724251 5754610 5755554 5762527 5764708 5765235 5812693 5813736 5815977 5824444 5842249 5842371 5845124 5866669 5867032 5888229 5906945 5918640 5925264 5940755 5945064 5952363 5955785 5957223 5972881 5976367 5981406 6003014 6010080 6016992 6019091 6035173 6040647 6055101 6056293 6062972 6067009 6074750 6100854 6105425 6111393 6112447 6117289 6128036 6135497 6148484 6149472 6153795 6161803 6175873 6175937 6181401 6196772 6200159 6211985 6213850 6231794 6246211 6264086 6290861 6298011 6299771 6323354 6331720 6334907 6339243 6353583 6353630 6358033 6378302 6397027 6412418 6416065 6428253 6433223 6436421 6436925 6437580 6451111 6473046 6494395 6524568 6529868 6536879 6538086 6542089 6546091 6550361 6556199 6560525 6569794 6571276 6572367 6576487 6586506 6588288 6596889 6598357 6609374 6620749 6623220 6630594 6633996 6649327 6655470 6687257 6702624 6744993 6750482 6770567 6780836 6781438 6796904 6799338 6801447 6810449 6812899 6839761 6846647 6849671 6850386 6850780 6879691 6884471 6884962 6909880 6922565 6940094 6943317 6943517 6943791 6944123 6950072 6967000 6980052 6980434 6984239 6985745 7001200 7007325 7007359 7010083 7054686 7054919 7055125 7058630 7077802 7080813 7083604 7085529 7089887 7090276 7093805 7117242 7127437 7137125 7162261 7166622 7169568 7183639 7194273 7203330 7215392 7234115 7234556 7236384 7246146 7246431 7255643 7275514 7297127 7301806 7309127 7310383 7329354 7333556 7337857 7340991 7351463 7353195 7353468 7364690 7377167 7384453 7386455 7405490 7415713 7416447 7417614 7418258 7421896 7433596 7436450 7444190 7458565 7462746 7470946 7476477 7481473 7494244 7501019 7504328 7506517 7517053 7520345 7538636 7542634 7546878 7550112 7563201 7563756 7577510 7585912 7596057 7599951 7612830 7617829 7626033 7626417 7633220 7638372 7664585 7664664 7677745 7683154 7686756 7688352 7692482 7723495 7746038 7751664 7763501 7766024 7767073 7767765 7781580 7782283 7819059 7834174 7842942 7850055 7866575 7919967 7929123 7943082 7951574 7989905 7994287 8005514 8008277 8020027 8045140 8047684 8057549 8075968 8082321 8093306 8102489 8106195 8112508 8117404 8125390 8143013 8147838 8148982 8150093 8152554 8170905 8189622 8192386 8194718 8209365 8212799 8227720 8252547 8252677 8261383 8262557 8298464 8318843 8323542 8323944 8325214 8326411 8331791 8368503 8369595 8371326 8383737 8388045 8403008 8405999 8425577 8426900 8432119 8442783 8443699 8445648 8470698 8501463 8525226 8528221 8535684 8540814 8545938 8561508 8570716 8571129 8586283 8606944 8611912 8620301 8623677 8657388 8659825 8662147 8662791 8664940 8668477 8676133 8685889 8693603 8697753 8709464 8711749 8722622 8741289 8752623 8753038 8762487 8772726 8774678 8787867 8790938 8807119 8819492 8822750 8824725 8834146 8835721 8848171 8849064 8853627 8855727 8899920 8902630 8912963 8917070 8917535 8929729 8931327 8932734 8937991 8951753 8982555 8985875 8994869 9002145 9031306 9031382 9034032 9035276 9041413 9041475 9050949 9092949 9093580 9097316 9097325 9103453 9106356 9141477 9146557 9150462 9154854 9174777 9176073 9176568 9185988 9192033 9194328 9194341 9195438 9201115 9204709 9217434 9221905 9222264 9223719 9231760 9246695 9254951 9262123 9279820 9296565 9306263 9339847 9340615 9352165 9356295 9356799 9372072 9372853 9386389 9393745 9419405 9441714 9456735 9468218 9476399 9480950 9481170 9503194 9516601 9524246 9531339 9538320 9551773 9554689 9574685 9575072 9580463 9581665 9592183 9593490 9595710 9600201 9609996 9616532 9621144 9621809 9622161 9624836 9629169 9631003 9636720 9638699 9645867 9662667 9670066 9691398 9701888 9709081 9717168 9723540 9748929 9754708 9755017 9758213 9763635 9774369 9813031 9820384 9821171 9823190 9840266 9841151 9851988 9862139 9877860 9882811 9885662 9897505 9903749 9911255 9930443 9978589 9981683 9990303 10036019 10036064 10054581 10056138 10070870 10071125 10071257 10074278 10075204 10091239 10100671 10112077 10115793 10119234 10124223 10126270 10135272 10136701 10150604 10157285 10162259 10164360 10167364 10170075 10173020 10186142 10186889 10188992 10213300 10238873 10241401 10245623 10248694 10249055 10253184 10254353 10258547 10266949 10293072 10293512 10326623 10363413 10364313 10376399 10381509 10401411 10410880 10411924 10427702 10427976 10440852 10446863 10463701 10484133 10487458 10487964 10499666 10500677 10503159 10509667 10518971 10522014 10522650 10543274 10559483 10579421 10581310 10592837 10607396 10609773 10635353 10643046 10646509 10646774 10651871 10663793 10669206 10672733 10680186 10685781 10688241 10691959 10699665 10721497 10741476 10768214 10771358 10777665 10778040 10800440 10804648 10810746 10818181 10827490 10854535 10860752 10889828 10901072 10906244 10957777 10966895 10969856 10984125 10986211 10988275 11008646 11009429 11026606 11027299 11030852 11063465 11064354 11072058 11076592 11095751 11096526 11099893 11107641 11112259 11121506 11132686 11147622 11155042 11181257 11182759 11182911 11193814 11197506 11227473 11229887 11258530 11261595 11262008 11277428 11308311 11309703 11318397 11324402 11329776 11338168 11340089 11366790 11375934 11376891 11385709 11386762 11388825 11396135 11398029 11401591 11430313 11432963 11453830 11455897 11468044 11470039 11476838 11496250 11496707 11509584 11537803 11542538 11550327 11550596 11565436 11576220 11580223 11587299 11611219 11611453 11618485 11652638 11657005 11679377 11679987 11691701 11704676 11716173 11729139 11730359 11774602 11777421 11805711 11809731 11828590 11836976 11864973 11865559 11870836 11888979 11890701 11899622 11929910 11953211 11968248 11968341 11973875 12013788 12032667 12047896 12053674 12064730 12103096 12103236 12113790 12114136 12115540 12140776 12143403 12152571 12166700 12176278 12195968 12211580 12226212 12227358 12229856 12229857 12239304 12242324 12248288 12285836 12313687 12317367 12328893 12332149 12352235 12357173 12375176 12376504 12378570 12386601 12389746 12396533 12404817 12421681 12441449 12448838 12459396 12467309 12477320 12482529 12494636 12520909 12528143 12531516 12549566 12558495 12559456 12578167 12587419 12590471 12615815 12619005 12630480 12634362 12637249 12673783 12674224 12680025 12685403 12702589 12704988 12709731 12719304 12726680 12727109 12732264 12736520 12745819 12746521 12750467 12762938 12765166 12769119 12783863 12794095 12797274 12797639 12812134 12828834 12851668 12855058 12857355 12893521 12904305 12909097 12914543 12947685 12961392 12963313 12967401 12978867 12982236 12990550 12993814 12997716 13028909 13032288 13051044 13059486 13071278 13084438 13087925 13107950 13151030 13156735 13157888 13181685 13183452 13202464 13224745 13244230 13255862 13258243 13261537 13276709 13291248 13298148 13305570 13307800 13309820 13314575 13316584 13317467 13328827 13329027 13331164 13353786 13357095 13359081 13360124 13363214 13369934 13378907 13403568 13404867 13432351 13438619 13441623 13444905 13450144 13462989 13464712 13479265 13490491 13497475 13500299 13505472 13521224 13524838 13530005 13542120 13542466 13542671 13546352 13546711 13557319 13562666 13575267 13589792 13590445 13593672 13598757 13608614 13608881 13610250 13611346 13620972 13622021 13628985 13650803 13651046 13658917 13660569 13719302 13725667 13736034 13757899 13777017 13777916 13802482 13814741 13818619 13826704 13827151 13844081 13844131 13862756 13864229 13868022 13874150 13876592 13889599 13889961 13891570 13898246 13900820 13903411 13903732 13913133 13919850 13927748 13955601 13963167 13965642 13975167 13990888 14011633 14027771 14035864 14053450 14086989 14089760 14093988 14097079 14103102 14107123 14108722 14108912 14126703 14134461 14142491 14145599 14154823 14157761 14168817 14169989 14173223 14177330 14185268 14191567 14198077 14203768 14225106 14226386 14226821 14234979 14237594 14246568 14283646 14285806 14290223 14295393 14302333 14302819 14309360 14316719 14320339 14358365 14376071 14376587 14381111 14415601 14433413 14436778 14438405 14441725 14443452 14450489 14471768 14484306 14484937 14493519 14493532 14510350 14529989 14533134 14535142 14549361 14574251 14581101 14592389 14602396 14647514 14648680 14655743 14666151 14669139 14680004 14699641 14721157 14725681 14727291 14731951 14736640 14742383 14767971 14776111 14779288 14782900 14799950 14806291 14816113 14852387 14859709 14869447 14870793 14871105 14872169 14872352 14876700 14882843 14894275 14911436 14912648 14914139 14922856 14928355 14936040 14958891 14986588 14987317 14987796 14989283 14991007 15000920 15040508 15051920 15058481 15073256 15075515 15088679 15094318 15101058 15104167 15107821 15109222 15122341 15124224 15135798 15155033 15167721 15168735 15180340 15185119 15186936 15190344 15192423 15214627 15262363 15276040 15278607 15291212 15291568 15291873 15292212 15295200 15297611 15298441 15307818 15312320 15338952 15367018 15381870 15393056 15448206 15483215 15485564 15487062 15488197 15490672 15498700 15500854 15507580 15510650 15515199 15545324 15546305 15550130 15566348 15573491 15578307 15596933 15602932 15606880 15610258 15613887 15614202 15622119 15655747 15659122 15659855 15676343 15685895 15691444 15694199 15700124 15701209 15704449 15707260 15723579 15739443 15752094 15752288 15775620 15808242 15831620 15838107 15840357 15857024 15860433 15877580 15881878 15884015 15892537 15904313 15908643 15919147 15920100 15926062 15944213 15944517 15954749 15982938 15983476 15986472 15995187 16017259 16025713 16029349 16049656 16102187 16109829 16110328 16111319 16147655 16193613 16199299 16215291 16220131 16228906 16264251 16264275 16274948 16283957 16289417 16298909 16300616 16327363 16342267 16350627 16353356 16365267 16366579 16372884 16382048 16401641 16422853 16426613 16434125 16448025 16455639 16469129 16483609 16508142 16513986 16522811 16522980 16533299 16537932 16552642 16557940 16562776 16571731 16581408 16582819 16597954 16599149 16600671 16601783 16606689 16624121 16624310 16625653 16640428 16676696 16695713 16704146 16712635 16727195 16756912 16760423 16763666 16768069 16769351 16774811 16818416 16828200 16863596 16863606 16883048 16893893 16902575 16926527 16933428 16935670 16938072 16942449 16943543 16985185 17003077 17008512 17012396 17013376 17038588 17038840 17070669 17085770 17108273 17108410 17114392 17133689 17134942 17143643 17188976 17198446 17208815 17213651 17218283 17218612 17226553 17247573 17250810 17257186 17277072 17279885 17280791 17283735 17286478 17305913 17313593 17314201 17325986 17334233 17342181 17344290 17348083 17348892 17362138 17364335 17393689 17422162 17433210 17437318 17444293 17446251 17449842 17455488 17455769 17463705 17473562 17487024 17513706 17529248 17533131 17542636 17552015 17559461 17572662 17594867 17596521 17601614 17613488 17629211 17633806 17641440 17645927 17664416 17666404 17680670 17681708 17689683 17695578 17709290 17709675 17712545 17718999 17725967 17734891 17758635 17768542 17769030 17780206 17791572 17796835 17805336 17813186 17816154 17856846 17860023 17863185 17864685 17889338 17891147 17911098 17930715 17934756 17955763 17956753 17966673 17974650 17974945 17979056 17983202 17985628 17987258 17988950 18001424 18030357 18038535 18041334 18043004 18047907 18051369 18058184 18077398 18083436 18086790 18091460 18095656 18101814 18113111 18123636 18153566 18173075 18176481 18193615 18200141 18204805 18209800 18213269 18233340 18235597 18237205 18244842 18245422 18247011 18249771 18250260 18255544 18256554 18266267 18270063 18285611 18287321 18310287 18320846 18322076 18332096 18335602 18348080 18356202 18364961 18393024 18406000 18412557 18430166 18434851 18442195 18452711 18461716 18465133 18480147 18483411 18487081 18490833 18495867 18498902 18508805 18513964 18521070 18523664 18529857 18538322 18540512 18548127 18548768 18550362 18553922 18581991 18583622 18585636 18589061 18590716 18595858 18605584 18611266 18614157 18623940 18633952 18655130 18666161 18677143 18685461 18691683 18707033 18709356 18723189 18724030 18747638 18753946 18777502 18780635 18799623 18811643 18814547 18816896 18819977 18849421 18855837 18894619 18903118 18927719 18940522 18946015 18966607 18979949 18985154 18986286 19011222 19014840 19031736 19031822 19035249 19069612 19094714 19096627 19101343 19137089 19157459 19158740 19164928 19169377 19177458 19181788 19183029 19186771 19193696 19201989 19214749 19215695 19221245 19227027 19231353 19232546 19257213 19258584 19263040 19270632 19273074 19274288 19286711 19291103 19306959 19329701 19334491 19342932 19350259 19351024 19356678 19361123 19365890 19367526 19397046 19401703 19407705 19409187 19420866 19424919 19438193 19442543 19442638 19445506 19455038 19457938 19463374 19469172 19485565 19486605 19497703 19512537 19522035 19533036 19547355 19561611 19563857 19595529 19600746 19619605 19623622 19627171 19631941 19635845 19648770 19653678 19666609 19671331 19691221 19708046 19723151 19734748 19742860 19765408 19771544 19778034 19778775 19788825 19824675 19825656 19829475 19850482 19853530 19856640 19869554 19871772 19884322 19894513 19912923 19928411 19937363 19941900 19954919 19978027 19988437 19990418 20005501 20019285 20034213 20037008 20042672 20047284 20063004 20064504 20069559 20079582 20102065 20113649 20117610 20138274 20144368 20150527 20157702 20158321 20177355 20209956 20215445 20255079 20259212 20267628 20273533 20282591 20306025 20320690 20335235 20336759 20344393 20362895 20392311 20411191 20411969 20422260 20423853 20430776 20430788 20433321 20440309 20442667 20452392 20507783 20515827 20518273 20544622 20546433 20547880 20556894 20571626 20577413 20583405 20592036 20597870 20604253 20618116 20620372 20632987 20637354 20638540 20652580 20661158 20666847 20676994 20678110 20683718 20705165 20735285 20756400 20756590 20762815 20762891 20765351 20767841 20777697 20787946 20797117 20800335 20813423 20849193 20849825 20861505 20871083 20871851 20873036 20876924 20897162 20899125 20948468 20977590 20979837 20980843 21015450 21022057 21023100 21025993 21032180 21035745 21044386 21048951 21055143 21055713 21073241 21077269 21080172 21080609 21086538 21089256 21091663 21102665 21118595 21122952 21128719 21136115 21138098 21139064 21148191 21154877 21154994 21166080 21169301 21175918 21177815 21179942 21191664 21209619 21214439 21248833 21260419 21263323 21264292 21269162 21274409 21275942 21276923 21306553 21327819 21361197 21372284 21378723 21387727 21393875 21410008 21417312 21423941 21436207 21444677 21446448 21450963 21462005 21467322 21473031 21487724 21500088 21509395 21539375 21545282 21547118 21570031 21574402 21582280 21585510 21587635 21591418 21594309 21604816 21615610 21634629 21644016 21649592 21673347 21685001 21692312 21699650 21721702 21750095 21755376 21758062 21768360 21778010 21780304 21803638 21816863 21837300 21838857 21844362 21866944 21889827 21902652 21907032 21919287 21921878 21929747 21966090 21971742 21992164 22016358 22024673 22028281 22029116 22032965 22035141 22045876 22053600 22055623 22062422 22080797 22082644 22102425 22111477 22129776 22143578 22154475 22166184 22174877 22177746 22181884 22197165 22208162 22215523 22216848 22244516 22246235 22273892 22275244 22276388 22303472 22306006 22308482 22317891 22319749 22321585 22321943 22329905 22345066 22361838 22398352 22404905 22405504 22417403 22445121 22450667 22454364 22456881 22464013 22479123 22490964 22493998 22497654 22518306 22530000 22563556 22578636 22588136 22592078 22601258 22606541 22638013 22659424 22661103 22670377 22672969 22673294 22682021 22691054 22692719 22705122 22711518 22725960 22734417 22748593 22753979 22772930 22773033 22779350 22789635 22801089 22811191 22828232 22844001 22844948 22846896 22850507 22850546 22851017 22853207 22855793 22872753 22877220 22877246 22878345 22888150 22888772 22909575 22914473 22918595 22935934 22944005 22944502 22945881 22974050 22981340 22983189 22988177 23001019 23002669 23015789 23023099 23034866 23046758 23058924 23066891 23072886 23083993 23093777 23098813 23098894 23099919 23105907 23130031 23136765 23202023 23202177 23209243 23221812 23229078 23237602 23264321 23272826 23274695 23329363 23338984 23339195 23346329 23364066 23390654 23391297 23397537 23401353 23401579 23403520 23423153 23437568 23438833 23451398 23459768 23461766 23465800 23479220 23484909 23497180 23498551 23504012 23510028 23520230 23521440 23536642 23554387 23562503 23566104 23570961 23584236 23596038 23596160 23599857 23603092 23605854 23615346 23619656 23623666 23625338 23627439 23634445 23638456 23648725 23650557 23708527 23718502 23721376 23729049 23734615 23739189 23746965 23776835 23780925 23781701 23793877 23809528 23823418 23824152 23846141 23846217 23847161 23865644 23875678 23876815 23882363 23886262 23886491 23897363 23898286 23898880 23906486 23919833 23921081 23923548 23945350 23947539 23955819 23966395 23967817 23976624 23983734 23996726 24016256 24035211 24048487 24050174 24067556 24077350 24092627 24093382 24098340 24108793 24130935 24145637 24167526 24178712 24183308 24186502 24193422 24200545 24203494 24214972 24217369 24226682 24243628 24259899 24276690 24298462 24298580 24299334 24310631 24312074 24329124 24329648 24346849 24351797 24353162 24353882 24360034 24362060 24369432 24383702 24384274 24384951 24395082 24404240 24411387 24418853 24442919 24452121 24453962 24530388 24535891 24565646 24566397 24574546 24575688 24590574 24611749 24617372 24626904 24627729 24638650 24640372 24663584 24671689 24678098 24694221 24703717 24711972 24714438 24729135 24737321 24741251 24744886 24753279 24756779 24759608 24778655 24783738 24786295 24793351 24806415 24815692 24832099 24862103 24862532 24875027 24887010 24894336 24900868 24937965 24944945 24964747 24965879 24967017 24967737 24967927 24973999 24975299 25023417 25025128 25027026 25037573 25039254 25072833 25082879 25083375 25093121 25097011 25099285 25112043 25120892 25130918 25136774 25157953 25164687 25166946 25167023 25174954 25179152 25214590 25231294 25231865 25249388 25253456 25260722 25270571 25281847 25301392 25320865 25339607 25341859 25344303 25344869 25354819 25363602 25400700 25407599 25414134 25419421 25427091 25428179 25435704 25441701 25469801 25488611 25489862 25491241 25498731 25503904 25508255 25510283 25527677 25529359 25539013 25543677 25560271 25570776 25574196 25585263 25596885 25600201 25609572 25621506 25629663 25641080 25642426 25648296 25652859 25731331 25736204 25743437 25784218 25804599 25830892 25834939 25848462 25851012 25865887 25879935 25882465 25907083 25915785 25929424 25931143 25934380 25934535 25936890 25957549 25966036 25968540 25978940 25984383 25989754 26005705 26014522 26020830 26020945 26037850 26051752 26053351 26075240 26075837 26097040 26099271 26106845 26126779 26160035 26162829 26171291 26175355 26179031 26187962 26195764 26243488 26248403 26251846 26265179 26266917 26292752 26302074 26322905 26332304 26340278 26358974 26365140 26374333 26381207 26381667 26384085 26387456 26391363 26400125 26409151 26412481 26412530 26418505 26422232 26425179 26426558 26433287 26450216 26459777 26462231 26466110 26476506 26481711 26486698 26488852 26489393 26492421 26506969 26507193 26532557 26550698 26552893 26566348 26583041 26586335 26593382 26605312 26632559 26633910 26648311 26656012 26656155 26658284 26662606 26663675 26671565 26704496 26704567 26728552 26741179 26745100 26761592 26782939 26793894 26797139 26812913 26814291 26822165 26826598 26836054 26836699 26838029 26842530 26860147 26864078 26869887 26876392 26921417 26938880 26954906 26975744 26988140 26989308 26989449 27006103 27012502 27037373 27042213 27049268 27064862 27104687 27118918 27124379 27132276 27162916 27169733 27188454 27210460 27213207 27221670 27229237 27242992 27253129 27265530 27266297 27267379 27276377 27292247 27323574 27326827 27348201 27368860 27373091 27382060 27394164 27410992 27415709 27415989 27435306 27436573 27437059 27440645 27475376 27485632 27501270 27507897 27541008 27555272 27562426 27563997 27588514 27605376 27619619 27625543 27638083 27642255 27645961 27650554 27650588 27661648 27667364 27673906 27681018 27686365 27687756 27688079 27688233 27702632 27703469 27710482 27712725 27759763 27763799 27777989 27779979 27781061 27786061 27794419 27796317 27798111 27811793 27812466 27822554 27853266 27857188 27898293 27911011 27929231 27932845 27955260 27973495 27985050 27996175 27997549 28010047 28049319 28085598 28085650 28099115 28112222 28115671 28119181 28119390 28130324 28133097 28139266 28139510 28140956 28164526 28166882 28168165 28191986 28208985 28234942 28249906 28254532 28260236 28274943 28278439 28282880 28287740 28301126 28301158 28305070 28351550 28363654 28385171 28389348 28400174 28420526 28432115 28446321 28458088 28461746 28496354 28499237 28503013 28507482 28527292 28536355 28536534 28545896 28579352 28580959 28581238 28592996 28598946 28609462 28621987 28630963 28639775 28643275 28720979 28726814 28746194 28759628 28761651 28763903 28806864 28823251 28825241 28841037 28845104 28846092 28847085 28884580 28886735 28887119 28903552 28905512 28908118 28921330 28950975 28976677 28986493 28991952 28996591 29008587 29020485 29021314 29035824 29050010 29053219 29057306 29069887 29094797 29104892 29105579 29106932 29108031 29118153 29136937 29142517 29172370 29187274 29191697 29199870 29201669 29206514 29207776 29220027 29222125 29231360 29237758 29244826 29268973 29272247 29281810 29290926 29307062 29312243 29341679 29347667 29351482 29355974 29368376 29388075 29389579 29393295 29398863 29404434 29417992 29428070 29441332 29448720 29460855 29475873 29494957 29504777 29506868 29531228 29531508 29534137 29541873 29542007 29545372 29558474 29572017 29593401 29597338 29619356 29622617 29641167 29646251 29662299 29671876 29682220 29700653 29713750 29719309 29754562 29756873 29761008 29767597 29769720 29782949 29795252 29795450 29820193 29824930 29830535 29833638 29854390 29860585 29875261 29876042 29880261 29888629 29905478 29906162 29915218 29917253 29945723 29978539 29980027 29980963 30001245 30010248 30016927 30019177 30019886 30020224 30040509 30041243 30050201 30068843 30072619 30075916 30099933 30103620 30134518 30138933 30146149 30154430 30158885 30184352 30198483 30198520 30204707 30204868 30229697 30234805 30261622 30267607 30267952 30285252 30295132 30300915 30304707 30315483 30335212 30340900 30341682 30342009 30350482 30379238 30387256 30391656 30407933 30410412 30414429 30419989 30424213 30436907 30452632 30458210 30459995 30462413 30470190 30494094 30501307 30507880 30522974 30524282 30531204 30539118 30543386 30544772 30580961 30587916 30592453 30593250 30593337 30598543 30606177 30607270 30607698 30611247 30621680 30622923 30623153 30624559 30649003 30656321 30675446 30682310 30691225 30696792 30702553 30707565 30723942 30741819 30742862 30784438 30786921 30791997 30795289 30801994 30806427 30817934 30825664 30832579 30837205 30843569 30845939 30851498 30858124 30858209 30878899 30903542 30913928 30914463 30915536 30918312 30918510 30918863 30942041 30942347 30981498 30987009 30989822 31025523 31080920 31084526 31122206 31125321 31139010 31158922 31177518 31178537 31203123 31204163 31205050 31211183 31212404 31221915 31235399 31246607 31266892 31269308 31284510 31284788 31321134 31326361 31331395 31345832 31356102 31366305 31379090 31382142 31391067 31403461 31415379 31440808 31469615 31492889 31492981 31501183 31508763 31517124 31520391 31520783 31521343 31526439 31530643 31541420 31561147 31569869 31572095 31581112 31582603 31587724 31590336 31590471 31590503 31594113 31604523 31605022 31609324 31616498 31618316 31632491 31633707 31636266 31637768 31642038 31643008 31649325 31656436 31658242 31659537 31683487 31684474 31686180 31690978 31710308 31711680 31722257 31732246 31748192 31756741 31757887 31764661 31788614 31790205 31792169 31798474 31809475 31811958 31813358 31850627 31852297 31854867 31856386 31857222 31866531 31873969 31875141 31875762 31898652 31929871 31937146 31941771 31951918 31966250 31968665 31983126 31996475 31997098 32038269 32040495 32044787 32058451 32072810 32073606 32079517 32086097 32125574 32139159 32145674 32146833 32157444 32181718 32188802 32191186 32192917 32194180 32199076 32201350 32203367 32210551 32220868 32229710 32256183 32269456 32282715 32283439 32288819 32315524 32319461 32333334 32338393 32346461 32347010 32356539 32360984 32366306 32369715 32373237 32384174 32396712 32405547 32408254 32409243 32421821 32426594 32430340 32432703 32444813 32449295 32452631 32469936 32476635 32485795 32490171 32498682 32504620 32510168 32523482 32542083 32542249 32544075 32550783 32568149 32581752 32594082 32652993 32654285 32657939 32682503 32699234 32703939 32710727 32716288 32721514 32760383 32764950 32773332 32773431 32781847 32793473 32794717 32837058 32840560 32842116 32859901 32860847 32875108 32896311 32905730 32906600 32920172 32921388 32933125 32934182 32948077 32953863 32975049 32976801 32976896 32987723 32989006 32991674 32992728 33002689 33006422 33017203 33018588 33024859 33035515 33040273 33045019 33054879 33071801 33093123 33126350 33127963 33132321 33161857 33162386 33185195 33192867 33217076 33217413 33225534 33231382 33263247 33265411 33267037 33284655 33299440 33302908 33304327 33305432 33312240 33313526 33321108 33326520 33326911 33338917 33377582 33379512 33381206 33392457 33407128 33419505 33421624 33422050 33425780 33431858 33447703 33477924 33485116 33487392 33506841 33513877 33514297 33520758 33540200 33546191 33550715 33559078 33561068 33566288 33584047 33595632 33599871 33646128 33648980 33652440 33660474 33662303 33662810 33695780 33724457 33727600 33728263 33731854 33737082 33753262 33757065 33777267 33778826 33780566 33798319 33802081 33821792 33824046 33834989 33843223 33862444 33891962 33901748 33909203 33910823 33927928 33933556 33934258 33937612 33958458 33960846 33965260 33967294 33975067 33975570 33980196 33988544 33999358 34003632 34008518 34011370 34017283 34026766 34028301 34029570 34034681 34040380 34041177 34041915 34049185 34053211 34063410 34068090 34069476 34083936 34106387 34113127 34123166 34125145 34135504 34151872 34155074 34158654 34159050 34159654 34172981 34214048 34218373 34220522 34232210 34238982 34240032 34269992 34276224 34280794 34289947 34291210 34292715 34298879 34311750 34315803 34321994 34343213 34349306 34356389 34357935 34367878 34374741 34379445 34385256 34389901 34395791 34406171 34416596 34419683 34423050 34431617 34431645 34456507 34469719 34473919 34476334 34496367 34497886 34501196 34501730 34517386 34518323 34518724 34531196 34536696 34544689 34547316 34556295 34564464 34566319 34567742 34568836 34581874 34582923 34584924 34608623 34613647 34623724 34639862 34640932 34669483 34670428 34682849 34685868 34690489 34708562 34711372 34725194 34739185 34748452 34781891 34791390 34795331 34798548 34806549 34823097 34823327 34835650 34855245 34877022 34885257 34885648 34924005 34945411 34954439 34961952 34969508 34973302 34977490 34977527 34980245 34982731 34986369 35013088 35017390 35025208 35028700 35048205 35051377 35056892 35071134 35092175 35094103 35108968 35112165 35116264 35118318 35131762 35151399 35163979 35171020 35190994 35192805 35193659 35197104 35204661 35228988 35229555 35240842 35256045 35259775 35261238 35263718 35271999 35290206 35295460 35305692 35307977 35325173 35360654 35361694 35365644 35387344 35409509 35415403 35415585 35416735 35435410 35440903 35449788 35466418 35490081 35498201 35520683 35522139 35540380 35551425 35551515 35554890 35560098 35562398 35577242 35580277 35588845 35624904 35638343 35651862 35652111 35653011 35653495 35658352 35660615 35665135 35672268 35674605 35701351 35701996 35707917 35715360 35722071 35725483 35730917 35735160 35742040 35742312 35751253 35758301 35761927 35763231 35764152 35766367 35791638 35797532 35807406 35831172 35834518 35836796 35839106 35850486 35854361 35869942 35883198 35890386 35902385 35911884 35933959 35948866 35963962 35968694 35974801 35976647 35984086 35995781 36042939 36043405 36048856 36055398 36055701 36079119 36085200 36109472 36111324 36113217 36122577 36132456 36139007 36142437 36154893 36155736 36163661 36186400 36196226 36196934 36241437 36267982 36276315 36280250 36287312 36288825 36292322 36301550 36306544 36309659 36315213 36325787 36338960 36343928 36357966 36358061 36380091 36399165 36413095 36419333 36425296 36436556 36448505 36448574 36483779 36497393 36524672 36529391 36542237 36586853 36590137 36606837 36607724 36607980 36612119 36613523 36631411 36641879 36643979 36649348 36671637 36686382 36692983 36694838 36702550 36708530 36708862 36716859 36756606 36770219 36825960 36826317 36855645 36864978 36871195 36873708 36898953 36903083 36914715 36918143 36928656 36937954 36989922 37004563 37013021 37018128 37033121 37054226 37055187 37057709 37065227 37073697 37074407 37077799 37101784 37113111 37117860 37120087 37151391 37156236 37170173 37179882 37181726 37187355 37192214 37202398 37204255 37215254 37232622 37236238 37240432 37241790 37245856 37279744 37280183 37289344 37305961 37311906 37317380 37330871 37345025 37345065 37354633 37356322 37361423 37361965 37364007 37375854 37385296 37396010 37397130 37398439 37411439 37411853 37412671 37414294 37425450 37437339 37439277 37448964 37462220 37465531 37497532 37507396 37510405 37513583 37530896 37534847 37539028 37554971 37564002 37576632 37583413 37613531 37613539 37616238 37619023 37631775 37632661 37637739 37647741 37672446 37676400 37684344 37687868 37693521 37698449 37712274 37714576 37722327 37742722 37743436 37751348 37757857 37759515 37766099 37770334 37788214 37789204 37789295 37802085 37828398 37835349 37837188 37839980 37887459 37892858 37922688 37926781 37962355 37964858 37974467 37981819 37986598 37988067 37998533 38004624 38017836 38034699 38036368 38046206 38059168 38077681 38086410 38095150 38103576 38106754 38113366 38114009 38119774 38124449 38130619 38133133 38136401 38144292 38152019 38171027 38176438 38188265 38189822 38197239 38207983 38210900 38215598 38251782 38275462 38285703 38287450 38307556 38340128 38357286 38369841 38375958 38389946 38417215 38418673 38423364 38425249 38435894 38442435 38461334 38465557 38468511 38475994 38479875 38504385 38516657 38545756 38555032 38559944 38562832 38570497 38587532 38590431 38593058 38596456 38604880 38609976 38614036 38622345 38632022 38634286 38636688 38640742 38673720 38678223 38682310 38703134 38705073 38719423 38722728 38735859 38742285 38743488 38749712 38758208 38758772 38758881 38763490 38768783 38779069 38780315 38782968 38784374 38805836 38822429 38857215 38866743 38872837 38876352 38886634 38890892 38894774 38914805 38917479 38921218 38935728 38947337 38953260 38955135 38958114 38966313 38986504 38993180 39000857 39005290 39008139 39024700 39028042 39052584 39061713 39079057 39104627 39105612 39106050 39115528 39141225 39148914 39171969 39175114 39186444 39188216 39204625 39207923 39211791 39219406 39221764 39226898 39253598 39277007 39290783 39296516 39324144 39327807 39328118 39364829 39369817 39383000 39430258 39443721 39445647 39449253 39451887 39468914 39469913 39474538 39505743 39506696 39527395 39532644 39533797 39549852 39549987 39564999 39575644 39611425 39614147 39638222 39639932 39646300 39665246 39670465 39671287 39683529 39689180 39689559 39710441 39711608 39741143 39750081 39755299 39756970 39756977 39766177 39773269 39775368 39777446 39777787 39797719 39817854 39818588 39826067 39848955 39851043 39855097 39863957 39865097 39870654 39874269 39883011 39916920 39924648 39933220 39939878 39940276 39945318 39960756 39983855 39984322 39991082 39995900 40012550 40013250 40018304 40020042 40030580 40084121 40098542 40104569 40112906 40123233 40128394 40130858 40138413 40140835 40150342 40160560 40163841 40171537 40182334 40194981 40209017 40217639 40218198 40230481 40246075 40254495 40260343 40260956 40262375 40280036 40300483 40308513 40311379 40317186 40332891 40336220 40337243 40384964 40386253 40406499 40423522 40432913 40436194 40439770 40443338 40460755 40464716 40481401 40504208 40510245 40517058 40529388 40536779 40558239 40563103 40571438 40574095 40578323 40586206 40591427 40592705 40597802 40610263 40619258 40626607 40644541 40651204 40653019 40655505 40689023 40689643 40691035 40694225 40700136 40714261 40717770 40723503 40750911 40790426 40824320 40826075 40858289 40859943 40874311 40895077 40908128 40910165 40913349 40918219 40924225 40939523 40974728 41008216 41028085 41055609 41064547 41071482 41091461 41126103 41140278 41149954 41155002 41162707 41169371 41178807 41181454 41204322 41212029 41212637 41213478 41230010 41248625 41271379 41278534 41316921 41318031 41321480 41335713 41351828 41368224 41415521 41425933 41452604 41465083 41493409 41497400 41500546 41505029 41505383 41510748 41513245 41514112 41514185 41516040 41520762 41533036 41539180 41555423 41559321 41568414 41581404 41584438 41588151 41591125 41614779 41629927 41633208 41633835 41657099 41657965 41670988 41677700 41678005 41678161 41711747 41727633 41730825 41733323 41735733 41767839 41768005 41782217 41790486 41791353 41807117 41818269 41827661 41841418 41866241 41867319 41879410 41885080 41892196 41895136 41918522 41950569 41963732 41967678 41970492 41984493 41991351 41996491 41996923 42073643 42074307 42082147 42088535 42097291 42138679 42148255 42149822 42161647 42172313 42174475 42201095 42203458 42207351 42208340 42222259 42261216 42264593 42285611 42323661 42324757 42350492 42352343 42367129 42375163 42378415 42380473 42385416 42400098 42413970 42424629 42446019 42459377 42466453 42475826 42487141 42512102 42521443 42524228 42526626 42537313 42564268 42579228 42591445 42594310 42598793 42603769 42643595 42645077 42656033 42661738 42677540 42680059 42681087 42685258 42692782 42694728 42701468 42716751 42735656 42743560 42743961 42749841 42750345 42759469 42771428 42807986 42830726 42832049 42867426 42874298 42886610 42893342 42894632 42922006 42923069 42940677 42947611 42954057 42959600 42970606 42972923 42975566 42975994 42977059 42983979 42997572 43000315 43010055 43010125 43015074 43017051 43020814 43021831 43035070 43051411 43052779 43053755 43054989 43072553 43080833 43083382 43089751 43122406 43124363 43133707 43146894 43148493 43155348 43166392 43174154 43187260 43189278 43204532 43215836 43217698 43231764 43232131 43257440 43260866 43286522 43299865 43302428 43303962 43306330 43319781 43338554 43357450 43359221 43360541 43377780 43407656 43411207 43430148 43442047 43461602 43479291 43486740 43489987 43498906 43510841 43514254 43521783 43530592 43548135 43555850 43569017 43569977 43571062 43574196 43591081 43592419 43594183 43594883 43601964 43656118 43658535 43668468 43680510 43685753 43704436 43731945 43745127 43746455 43756506 43781177 43781630 43810877 43828139 43829734 43830836 43853503 43878100 43886730 43919721 43929741 43957581 44005469 44024778 44036750 44062926 44072657 44077193 44086994 44106680 44120278 44121180 44126880 44156711 44163975 44165509 44166547 44200589 44201112 44208337 44216996 44219637 44231457 44237560 44258590 44258688 44268399 44297045 44313183 44313597 44322565 44335386 44345171 44367198 44369154 44380546 44395315 44428502 44435141 44458920 44475891 44477454 44488007 44491118 44495285 44506308 44511789 44519350 44530034 44535022 44537370 44563926 44570884 44577702 44582439 44626146 44626691 44633310 44646835 44650423 44653686 44677998 44689716 44697584 44701109 44719473 44726885 44736496 44747031 44755838 44756054 44766827 44776798 44791448 44802361 44805950 44809647 44817644 44825510 44828164 44828279 44829949 44833632 44838502 44842264 44856458 44876316 44879165 44887160 44894395 44905325 44929237 44931650 44939829 44941434 44947944 44948570 44966431 44969284 44969687 44994418 44995609 45000279 45009938 45014167 45023848 45048570 45082899 45085665 45086416 45090108 45112334 45126316 45127832 45129585 45133800 45143498 45146055 45146443 45146725 45147141 45147819 45149574 45156844 45167342 45171470 45172047 45198072 45235922 45237714 45241060 45262715 45281786 45308509 45311720 45318662 45374973 45422021 45432419 45432749 45433012 45438953 45440568 45442185 45442400 45446715 45460962 45461497 45472083 45477572 45501361 45511758 45524146 45526719 45535893 45549663 45552210 45556175 45560877 45563563 45581475 45585046 45590341 45604894 45637339 45695408 45710846 45735093 45742601 45756796 45764481 45766602 45768853 45769319 45785053 45786327 45790902 45792057 45801991 45803553 45826701 45841925 45847247 45847538 45863023 45874062 45893942 45902039 45920168 45921518 45929137 45954562 45963393 45968561 45978460 45984208 45995242 46000183 46036541 46037111 46041181 46060253 46072844 46075000 46077619 46082860 46093992 46103443 46117709 46118035 46123762 46150408 46169628 46172743 46181793 46201042 46213735 46216603 46218098 46229387 46237410 46250478 46255658 46271425 46289034 46293700 46293951 46294407 46300052 46313880 46333492 46371181 46385160 46404900 46410759 46428228 46431356 46470117 46476709 46482066 46483797 46484004 46487668 46490769 46497902 46501125 46512552 46521731 46525876 46533144 46550440 46557367 46563210 46585396 46587818 46589872 46607351 46608502 46608855 46642691 46662831 46676588 46678973 46690006 46706954 46712228 46739672 46742826 46743160 46744407 46755778 46760881 46770108 46771582 46778220 46794274 46802863 46809821 46814211 46825885 46834435 46836822 46877042 46877729 46878148 46878533 46881895 46916420 46936339 46936948 46966601 46979519 46992121 47005437 47015882 47026269 47030357 47030442 47047784 47050539 47063748 47078858 47088638 47103084 47106385 47120865 47125005 47127783 47129090 47171355 47196896 47199493 47200131 47201597 47205662 47207724 47208627 47214045 47242757 47246929 47260534 47262518 47266772 47269041 47285927 47293674 47315857 47318899 47319539 47334345 47373757 47387545 47391932 47392139 47428704 47443850 47454996 47493789 47495919 47500778 47501022 47506582 47507539 47537028 47552986 47565838 47575553 47576390 47577644 47577827 47581762 47633694 47634168 47639050 47648644 47668327 47668790 47688485 47694036 47701175 47706531 47743187 47755143 47761841 47765975 47785717 47786926 47793188 47807408 47811544 47812197 47825139 47832896 47839075 47839213 47841297 47845310 47851794 47864125 47867211 47868720 47887691 47896958 47897537 47904077 47911212 47914551 47916858 47928230 47931374 47939635 47943604 47956214 47985377 47995219 48001868 48014046 48021274 48024586 48067662 48078168 48083249 48085909 48088413 48091162 48105117 48106114 48127509 48127544 48134087 48134883 48151079 48162455 48167080 48180699 48194422 48196567 48201119 48210373 48218647 48231109 48246615 48261477 48262193 48268461 48285289 48287648 48309686 48314940 48316836 48329126 48341468 48346858 48347255 48347281 48361586 48376520 48382415 48394401 48396309 48396531 48400262 48419445 48423476 48423707 48426076 48434912 48439101 48446554 48448142 48458622 48461773 48480563 48482862 48491460 48498141 48505797 48537745 48539967 48587774 48595737 48596003 48604231 48616715 48621555 48631198 48638665 48693056 48700328 48700530 48723519 48744311 48750882 48757844 48788007 48792936 48820452 48822947 48832535 48837248 48853282 48874485 48890561 48927919 48928364 48941256 48946948 48960762 48966348 48976141 48976293 48982314 48995336 48996273 49016952 49027322 49027898 49028230 49029288 49031512 49033798 49047677 49053372 49057170 49057590 49088219 49106142 49110496 49130447 49146264 49156286 49190673 49191456 49219540 49224097 49226045 49226468 49233911 49247291 49248731 49253097 49259918 49260027 49276494 49279404 49309071 49314892 49318733 49321816 49327614 49347083 49349605 49354826 49364097 49365660 49371993 49376304 49382521 49400829 49402298 49403384 49419286 49427099 49435968 49437828 49439903 49451630 49456102 49456373 49474784 49498588 49502776 49505430 49510514 49514562 49531005 49574902 49600768 49630814 49636966 49642058 49643687 49676350 49681089 49681122 49686292 49693929 49704680 49718722 49723255 49727900 49729801 49749816 49756179 49760625 49794283 49800750 49822140 49839139 49860124 49870268 49897394 49901291 49902609 49905756 49931137 49963479 49974867 49985025 50022502 50034656 50053168 50056793 50057380 50072079 50074687 50081074 50106626 50116579 50131952 50158401 50158984 50181619 50182701 50184568 50187319 50188318 50196896 50198596 50198737 50200069 50200332 50201140 50213179 50213223 50217227 50217796 50224608 50227902 50230098 50233063 50240221 50248509 50248526 50252765 50257784 50262122 50281390 50281864 50297792 50313782 50315669 50330418 50340232 50370235 50370956 50419790 50442727 50448048 50449284 50455141 50469104 50472843 50504448 50507422 50508676 50513555 50516895 50518700 50520020 50522189 50539660 50571082 50576479 50587642 50590261 50592095 50607969 50612106 50625642 50632346 50632590 50642535 50649192 50650165 50652708 50679096 50696619 50697710 50700415 50741190 50741432 50749432 50750528 50770088 50772959 50773813 50784742 50803607 50812517 50819522 50824415 50848272 50851125 50859731 50863487 50864802 50865510 50870110 50872391 50893532 50904284 50909215 50910454 50932656 50943389 50944514 50946866 50947697 50979141 50981155 51011997 51017062 51030893 51033018 51054392 51074036 51075242 51083800 51088809 51097355 51104117 51126301 51128573 51135085 51137139 51154527 51165454 51176754 51189250 51193593 51202319 51202802 51213429 51224555 51228004 51232492 51236740 51251520 51255352 51265311 51274893 51276754 51289257 51295475 51297807 51316365 51322901 51324946 51325492 51334309 51357700 51377050 51381955 51387439 51388763 51395621 51397430 51416424 51423702 51434477 51462982 51469443 51471320 51481614 51498941 51518832 51526547 51532227 51538329 51542181 51567353 51567751 51576891 51588812 51605568 51618150 51626485 51643352 51648071 51682981 51695117 51703373 51703709 51708085 51711330 51720162 51746441 51750265 51756871 51765186 51784867 51801934 51810532 51837306 51866563 51870252 51872873 51873938 51906914 51909777 51921894 51931239 51944499 51945216 51950576 51951352 51952852 51956475 51971551 51977071 51980055 52002324 52041974 52044404 52045009 52059975 52060508 52062752 52072867 52074585 52083197 52089861 52090726 52132375 52142601 52160851 52160855 52181629 52184300 52184428 52185510 52189624 52190888 52195310 52225070 52231968 52239010 52247990 52261133 52276743 52282310 52286936 52288961 52305776 52307779 52315007 52322580 52324459 52329219 52340947 52348039 52348296 52353827 52355097 52372272 52377440 52389204 52399739 52402851 52402870 52404307 52413371 52414497 52426465 52431118 52435352 52435735 52443487 52463411 52474664 52482825 52485951 52486687 52492208 52537798 52561723 52564394 52569150 52599879 52601259 52613714 52614993 52630279 52658218 52701908 52734897 52737156 52744260 52750120 52754018 52767659 52774459 52788478 52790068 52809680 52809737 52833689 52843813 52844633 52851791 52853251 52860853 52861140 52870785 52872863 52883725 52886174 52922226 52943171 52956751 52966590 52969140 52979888 53005135 53005228 53023691 53029428 53074314 53097697 53098656 53145013 53146722 53147425 53147557 53151101 53155132 53168187 53171747 53187199 53194682 53212259 53246574 53258165 53288206 53294500 53315737 53327150 53349578 53358983 53366691 53369919 53371105 53393581 53411811 53420283 53436639 53441220 53469171 53489517 53517055 53517071 53520424 53534785 53536781 53539311 53547193 53552487 53565576 53616449 53621040 53624630 53626604 53644653 53645903 53650615 53652485 53661626 53665997 53688289 53688794 53697159 53701335 53708659 53736170 53755344 53770350 53770388 53775593 53805997 53807158 53817834 53830689 53858167 53874621 53881478 53887392 53888928 53889592 53895494 53899427 53900698 53919020 53919060 53924850 53928998 53951795 53976606 53980742 54001807 54009920 54022122 54022191 54024728 54030799 54031899 54032294 54052536 54058811 54060990 54075678 54085405 54085643 54108893 54111147 54129514 54149326 54169709 54173163 54183803 54188841 54189089 54199800 54200653 54208791 54213285 54239810 54243738 54243746 54244322 54258290 54280651 54283224 54310471 54315981 54329022 54334835 54372369 54386478 54401473 54413862 54417489 54422273 54425430 54432960 54445628 54448727 54456464 54521909 54522850 54543981 54548536 54549813 54568486 54572546 54576049 54581074 54594706 54610004 54615538 54639391 54643318 54657774 54689947 54708204 54744516 54779344 54779487 54779702 54780353 54789497 54798892 54846675 54857273 54893311 54896986 54911653 54932344 54936859 54947969 54949108 54962463 54971878 54985216 54985233 54993774 55014219 55028329 55031444 55050254 55059996 55071249 55088955 55126883 55133693 55139305 55139646 55143426 55161245 55161751 55169260 55176482 55192670 55198292 55210083 55229541 55252109 55274568 55276732 55294767 55299703 55316251 55318901 55320670 55321980 55325364 55347053 55379615 55413123 55484253 55489352 55503555 55504027 55511804 55520928 55525745 55532173 55549046 55550116 55559846 55560330 55573147 55577697 55618244 55661588 55663767 55675546 55711154 55715909 55727878 55730749 55735713 55758344 55768238 55773430 55815275 55819497 55826274 55843613 55854424 55856807 55890340 55894568 55896579 55896931 55901519 55923133 55932201 55935545 55957389 55963449 55967326 55970575 55981055 55982929 56002453 56003488 56009754 56016012 56022534 56024925 56068841 56073772 56088099 56090182 56118603 56125724 56143114 56158836 56164130 56172835 56176460 56180908 56185112 56209809 56213205 56217970 56226365 56227168 56231055 56241720 56246368 56251002 56280441 56285971 56288623 56297681 56310720 56314764 56333101 56336338 56361809 56367473 56371627 56389341 56390761 56399713 56409103 56415226 56431974 56434044 56436983 56458511 56486281 56491892 56501963 56509453 56511634 56515901 56516100 56518602 56519529 56520558 56525385 56546408 56565728 56575509 56586077 56595118 56595507 56599908 56625943 56652325 56655934 56675365 56701486 56705250 56711082 56717058 56725194 56738772 56749281 56753647 56779206 56782244 56795271 56812590 56818670 56830121 56830702 56839169 56852630 56856804 56868404 56881432 56883631 56906528 56917083 56919580 56923390 56967030 56967096 56967615 56970213 56972460 56983804 56991534 57011898 57015196 57018142 57019700 57025275 57028302 57032264 57035403 57037678 57039909 57050404 57054436 57054602 57076072 57084259 57096263 57129366 57151046 57154220 57166695 57168634 57179262 57181530 57202114 57205125 57207632 57207998 57211782 57215849 57226593 57239066 57243084 57252387 57253183 57255282 57255660 57263538 57268447 57312043 57320886 57321266 57327557 57334123 57360280 57368600 57371271 57410096 57412844 57414300 57416052 57430709 57433687 57434683 57445655 57448466 57451449 57468948 57470432 57488086 57546185 57554560 57556433 57564290 57573548 57586405 57586484 57592083 57595624 57602741 57604201 57618153 57630457 57656676 57665184 57666137 57671670 57689200 57692435 57699894 57707923 57718185 57741162 57748497 57749092 57758570 57776123 57779307 57789534 57793200 57813176 57813478 57816915 57817902 57819068 57823263 57827031 57853572 57855238 57897808 57911583 57911952 57922488 57943524 57958659 57966083 57974917 57977398 57980632 57993929 58005772 58016403 58022232 58037544 58063012 58065115 58072959 58104431 58108154 58133738 58151782 58153619 58170904 58174578 58177586 58192072 58199604 58204201 58205755 58264996 58270429 58277887 58286870 58291875 58315523 58317743 58326223 58342634 58353116 58361644 58393551 58403555 58408559 58410423 58415185 58422972 58423521 58426836 58460535 58464360 58468702 58471735 58492015 58497009 58505977 58540445 58565136 58567675 58576187 58589193 58612184 58612950 58632029 58634348 58634511 58637774 58650804 58667104 58681050 58681453 58698849 58706897 58707778 58709001 58711934 58716136 58716176 58735667 58738108 58745873 58752533 58763189 58771230 58771787 58772633 58782107 58790279 58793638 58798104 58798446 58800719 58833296 58838960 58841743 58847240 58880477 58912327 58913599 58914601 58925980 58943366 58956391 58959593 58961382 58970899 58981336 58992963 58994499 58998019 59044244 59046127 59058035 59066899 59069383 59079498 59092179 59094780 59099190 59114960 59115077 59116970 59119535 59129880 59135136 59141359 59144609 59145203 59146621 59160207 59174069 59174147 59174682 59183991 59186590 59189787 59190199 59197190 59209927 59213259 59215342 59224666 59233025 59233420 59235743 59236383 59238247 59273624 59289635 59316533 59317458 59335766 59367682 59379770 59388046 59402858 59403521 59423576 59429123 59429892 59453700 59460695 59460894 59475585 59501727 59513931 59519323 59521339 59532544 59562020 59569864 59594066 59597120 59611943 59636698 59645240 59645458 59653514 59674818 59678997 59696684 59724715 59725681 59749239 59758109 59769704 59775089 59797971 59798648 59802356 59803794 59811070 59812926 59813509 59815077 59822585 59871777 59877353 59902517 59935263 59937414 59950884 59976637 59978063 59985009 59990453 60003080 60005439 60005722 60020556 60026090 60035344 60054432 60067396 60086005 60102112 60103302 60105909 60119097 60124477 60127991 60140890 60147168 60166583 60175583 60184561 60184766 60198208 60207873 60237412 60242633 60254035 60257378 60259285 60261851 60265570 60310618 60323982 60336635 60336794 60340698 60347683 60350782 60361984 60364512 60380371 60403611 60404186 60411873 60425662 60429955 60458002 60468580 60492107 60502140 60510950 60517622 60534304 60549471 60554110 60561584 60574395 60582711 60587854 60614302 60641435 60642157 60643779 60655956 60658004 60660429 60664953 60669515 60698227 60700847 60708708 60712377 60714264 60727651 60728959 60736910 60752028 60757865 60776790 60813888 60840383 60845500 60858556 60860020 60867150 60869269 60878183 60903156 60907839 60927540 60941004 60945567 60954872 60960142 60964403 60964776 60968456 60975573 60982285 61020699 61030962 61036151 61036719 61038370 61043887 61046252 61047934 61048971 61051825 61053901 61065138 61071307 61076741 61082209 61121202 61137461 61149206 61150448 61164796 61169404 61180413 61192377 61192585 61224506 61228623 61263532 61271797 61282453 61293751 61302603 61306566 61327457 61332390 61341403 61343010 61358647 61380473 61384428 61400817 61401469 61439201 61441819 61442922 61467169 61479409 61486462 61512026 61532317 61534992 61542307 61580954 61591321 61603331 61616091 61625263 61644349 61646631 61653894 61657925 61658583 61668398 61677321 61681634 61688233 61695528 61705049 61715371 61718423 61749905 61751178 61779032 61786827 61790759 61794260 61801218 61801601 61807721 61829987 61839495 61842635 61846790 61847433 61854592 61873261 61891247 61894873 61906352 61909291 61919225 61930677 61934883 61946591 61949741 61979403 61992768 61999154 62002998 62010162 62017775 62021303 62026006 62029831 62040853 62059245 62063749 62065317 62072901 62080259 62089386 62099111 62106209 62111642 62139059 62164156 62169468 62184808 62195600 62198083 62203244 62203883 62213197 62213804 62233655 62238395 62250195 62250772 62260559 62263647 62267081 62280946 62285514 62291173 62301108 62302475 62317840 62331553 62332478 62338084 62341344 62349542 62360646 62362997 62389392 62391605 62394253 62398426 62414824 62417177 62419515 62438610 62441693 62443389 62461240 62468770 62476860 62477674 62485484 62487653 62488128 62490862 62494649 62512658 62514931 62539182 62555169 62561750 62562297 62600005 62639221 62643226 62678664 62682600 62707345 62712901 62714301 62717145 62727323 62732401 62737294 62740094 62743571 62759249 62789346 62793525 62808134 62823200 62828961 62834734 62843874 62845561 62853772 62857958 62860834 62869235 62882435 62895778 62904744 62904926 62915577 62917982 62926501 62933574 62937169 62941286 62941416 62945976 62950837 62966166 62970501 62986805 62991395 62994809 62997346 63000481 63005587 63030799 63046455 63052020 63058518 63060170 63060221 63060973 63069166 63074283 63100829 63102378 63105289 63106262 63172880 63179474 63190342 63196571 63201178 63218718 63223081 63241010 63245669 63246965 63259390 63268393 63278563 63284951 63295340 63296526 63297891 63299889 63307900 63311025 63320402 63320457 63334350 63334829 63342876 63343515 63353662 63356424 63366134 63370805 63382763 63395255 63410364 63419520 63437032 63445734 63469710 63477587 63482842 63487199 63487745 63525569 63538118 63541365 63541786 63550779 63553204 63558832 63570858 63572884 63574498 63593100 63599139 63599745 63606919 63607095 63619756 63627431 63628064 63647109 63649296 63684593 63711124 63714425 63726600 63731686 63734641 63739819 63742572 63753531 63754682 63784122 63788604 63794830 63805776 63812987 63836696 63854817 63854852 63868849 63869838 63889523 63891939 63909473 63916241 63932017 63950881 63964701 64009342 64017638 64020011 64049805 64058629 64063311 64067966 64072318 64089792 64091910 64128914 64128941 64147777 64149552 64157397 64183173 64196499 64202708 64204568 64249330 64265500 64265875 64271088 64276013 64278284 64286744 64292528 64295881 64298971 64299324 64305160 64310879 64311758 64321241 64324274 64346369 64350048 64366536 64366650 64367388 64368923 64381328 64382869 64384841 64396892 64447804 64461780 64468131 64480722 64510725 64526841 64528723 64533140 64566227 64569994 64571895 64576610 64581313 64581939 64584108 64584529 64602269 64606184 64619173 64635213 64644452 64648700 64674863 64682941 64694491 64695451 64708830 64718462 64730366 64730386 64758437 64773280 64779088 64779294 64785963 64789681 64816860 64818933 64821536 64821809 64841007 64843062 64860114 64868618 64872172 64893903 64911670 64924243 64927119 64943483 64944634 64950431 64964816 64969098 64974891 64981086 65005826 65020842 65022187 65033280 65048596 65049228 65056019 65058645 65089381 65092972 65099382 65118494 65124410 65127434 65131731 65159893 65160446 65172210 65185058 65189573 65204249 65218971 65220216 65231777 65236436 65237096 65240853 65250828 65253925 65267137 65267877 65272472 65274190 65319260 65332904 65346808 65362585 65363939 65365763 65395896 65397302 65413710 65427139 65434636 65445720 65446339 65452685 65477023 65486952 65490028 65493871 65510000 65528918 65532801 65540444 65545984 65561268 65562835 65562884 65569392 65588717 65592192 65599329 65606522 65609959 65630940 65639235 65682634 65689774 65700467 65719235 65747435 65749050 65756432 65773562 65778484 65787448 65791628 65812711 65816479 65820056 65822742 65843277 65858275 65866823 65885515 65913365 65918529 65937391 65963120 65971053 65999088 66000445 66011379 66015163 66032915 66042933 66043085 66051041 66057484 66063729 66077444 66088311 66096942 66103276 66106524 66125057 66127891 66136618 66153504 66160921 66187916 66200868 66207942 66211181 66225463 66226854 66227951 66265261 66286105 66318449 66339672 66350532 66380986 66396960 66397788 66399192 66408117 66415065 66417538 66433693 66437362 66441620 66466997 66472846 66474672 66478767 66482191 66483218 66491393 66492984 66493444 66497739 66498566 66499400 66522262 66536619 66537521 66538498 66541806 66556998 66579454 66590110 66591393 66602287 66603354 66605833 66608997 66616455 66625516 66641194 66641773 66648846 66654674 66674192 66675270 66680389 66681924 66682547 66689335 66697236 66701956 66704121 66741373 66767682 66771152 66775903 66776024 66777528 66805801 66815586 66841088 66846464 66861636 66863325 66864372 66864699 66876537 66888710 66889419 66895479 66905780 66910528 66917145 66926811 66932243 66934847 66938018 66938478 66950482 66980190 66982164 66997491 66998304 67016144 67020096 67020791 67034628 67045818 67048964 67054117 67054144 67060025 67067950 67082065 67098955 67131267 67132271 67137304 67137327 67140657 67154910 67172550 67213177 67214518 67223264 67225053 67227122 67227644 67243555 67252955 67254328 67292310 67309592 67315514 67317061 67318188 67323957 67337852 67338798 67347278 67370949 67386339 67420318 67428081 67438894 67462751 67480006 67485743 67494479 67526251 67548591 67550491 67554319 67568294 67580839 67604716 67606631 67610022 67636164 67640079 67645341 67664988 67677011 67679580 67699549 67706363 67708455 67717348 67722300 67729811 67742841 67744873 67750683 67753898 67758323 67770258 67783207 67784659 67787473 67789331 67815873 67816602 67829828 67852521 67876316 67886659 67889878 67911180 67912220 67916132 67917833 67918560 67923544 67926430 67941990 67948322 67965542 67967000 67968633 67976776 67992706 67997175 68001306 68053270 68072448 68122040 68133974 68157128 68167456 68170990 68173184 68183000 68194239 68220760 68244475 68244596 68275501 68281816 68299254 68304637 68382264 68386079 68395174 68427443 68459300 68469138 68469536 68473269 68475579 68495926 68502146 68517397 68520397 68525178 68525978 68530203 68530865 68534168 68543445 68553545 68565851 68568835 68571128 68584416 68585874 68602280 68605347 68607558 68621605 68625594 68626900 68654418 68661200 68666281 68670631 68711780 68726125 68738528 68738794 68746492 68756162 68756493 68768313 68783915 68791720 68794769 68800860 68808498 68809104 68831760 68847170 68850761 68876388 68878910 68880789 68910488 68914329 68915255 68931178 68944604 68948014 68956447 68967045 68972988 68975886 68978012 68982093 68994331 69006160 69013985 69029027 69029045 69036271 69039573 69063384 69092837 69096563 69106598 69118309 69132808 69135890 69140091 69140215 69153337 69161425 69169003 69172328 69178272 69189691 69190512 69199894 69205509 69213761 69222354 69227069 69228453 69230358 69230938 69231494 69258189 69264463 69306412 69317524 69327240 69334106 69345633 69356676 69371258 69377740 69377817 69393951 69416555 69422259 69444833 69455937 69466903 69468495 69472714 69473870 69481180 69487561 69517223 69525436 69546659 69577628 69588174 69591581 69592089 69612622 69613224 69631199 69631204 69631970 69636153 69643646 69644135 69648269 69651949 69657060 69660448 69688643 69688747 69689972 69690681 69700700 69723215 69723380 69738557 69744054 69745236 69767939 69786227 69807549 69817370 69835131 69849204 69861591 69890215 69895544 69901263 69908487 69921201 69950145 69956796 69977697 69981460 69986126 69992530 69996492 70004473 70008826 70014778 70015304 70033969 70034370 70041224 70041425 70048078 70078949 70088506 70103346 70105717 70113496 70115784 70141943 70143525 70150595 70151107 70162510 70167128 70193411 70201528 70261803 70265178 70272735 70288253 70300334 70305687 70310377 70337384 70349114 70352729 70358179 70368077 70443953 70445512 70463599 70477293 70499397 70502906 70504643 70532122 70558858 70563229 70570939 70575920 70580121 70580159 70580427 70609812 70614812 70618232 70620570 70624370 70638746 70639018 70639572 70641709 70643580 70646474 70668478 70686036 70687957 70698226 70709668 70711960 70718005 70724093 70724260 70771286 70772301 70783530 70792040 70795029 70801777 70811935 70815414 70816971 70824992 70826050 70829294 70837237 70890577 70914103 70923673 70935988 70947628 70959540 70960897 70964095 70970277 70970898 70974084 70983804 70995060 71019412 71029668 71033156 71043187 71047830 71061436 71078341 71079032 71093570 71100172 71113180 71126240 71129845 71137777 71153090 71172143 71180126 71183497 71236684 71239465 71268214 71274561 71277529 71280029 71283713 71285246 71286986 71296476 71310177 71314872 71326389 71336302 71338849 71348170 71367655 71375466 71395434 71404500 71422055 71435374 71448727 71471878 71484081 71491913 71496810 71498178 71505032 71515055 71518485 71522673 71529533 71531547 71560985 71563208 71569122 71572712 71578590 71581119 71604798 71609497 71610584 71611598 71621231 71637682 71666379 71667139 71673276 71691613 71704497 71736789 71780006 71800887 71801930 71826330 71836533 71837791 71849786 71910929 71918028 71918150 71921957 71928066 71939843 71948153 71958535 71959152 71968883 71984988 71989967 71991035 71994651 72001196 72020971 72052270 72054794 72055033 72070946 72081154 72101500 72122539 72123739 72134643 72137582 72152417 72170402 72172625 72180957 72184069 72193111 72198348 72202606 72211083 72216504 72221209 72240131 72240280 72247780 72249448 72257577 72262173 72264110 72274349 72277104 72309123 72310688 72315303 72315599 72317640 72348441 72388053 72392437 72398237 72398744 72403914 72414063 72416958 72422560 72446737 72464226 72502978 72508371 72511898 72516769 72522982 72541688 72545178 72566372 72583199 72587539 72598487 72600429 72603177 72613382 72615156 72618257 72631087 72635122 72639902 72665395 72677347 72683346 72683769 72685361 72704890 72717425 72726240 72729315 72742868 72743361 72754979 72768648 72769102 72769434 72774384 72784533 72810565 72815899 72823415 72851531 72871618 72871799 72872076 72874448 72891720 72894148 72899019 72903332 72903567 72909446 72922042 72936704 72960714 72962049 72984250 72993058 73014415 73019719 73020587 73036328 73036598 73105780 73113924 73127109 73183305 73186045 73203367 73204967 73206184 73206850 73223757 73235925 73244110 73259556 73275496 73297594 73310321 73346282 73363860 73365719 73385561 73392735 73398088 73401970 73415162 73415325 73417868 73418105 73423718 73425873 73436661 73439331 73443699 73451152 73468188 73475974 73489851 73507492 73508431 73513343 73527611 73535141 73537881 73548885 73561407 73569371 73591984 73600628 73600637 73603170 73612841 73617010 73617687 73650303 73660652 73662439 73667359 73670403 73674521 73687435 73700658 73702240 73723036 73728695 73747612 73762335 73770388 73777157 73778977 73793558 73805109 73811169 73813800 73822960 73824957 73826890 73831323 73847697 73855973 73857998 73859077 73879449 73882900 73893595 73894364 73900862 73904829 73922227 73934197 73950383 73951459 73955987 73957602 73974762 73987799 73995090 74014255 74030759 74033371 74049380 74052383 74071142 74072721 74075405 74105469 74107720 74110980 74113410 74119434 74129337 74140959 74155010 74157811 74176413 74179024 74187759 74188776 74189134 74198894 74212524 74228682 74231064 74281825 74285153 74292269 74307626 74347746 74350300 74367155 74376040 74403923 74405917 74454711 74476022 74477164 74486560 74512335 74514355 74523081 74525591 74527343 74547278 74570562 74573451 74576288 74583225 74587280 74591467 74605867 74610591 74617426 74643691 74658468 74670153 74678720 74703540 74719220 74736334 74738411 74764773 74766960 74772254 74774248 74774249 74782384 74785161 74787721 74788752 74789038 74808834 74818109 74827864 74829812 74842655 74843479 74858290 74860714 74867738 74893287 74899162 74945502 74958843 74965615 74993112 74998736 75008470 75027778 75046618 75059729 75068443 75072929 75082968 75086220 75097551 75098153 75114027 75114890 75123102 75129369 75134577 75170562 75173087 75181124 75193203 75200144 75201432 75209331 75211192 75218210 75222447 75238211 75247661 75252550 75258587 75269440 75270684 75280344 75286271 75290202 75291345 75291536 75309532 75318100 75329828 75330607 75332816 75344208 75350493 75357193 75370453 75371332 75376918 75383771 75385136 75394663 75398015 75401431 75421454 75439663 75441773 75443014 75445384 75447760 75454907 75457980 75487564 75488142 75493383 75495115 75532273 75556965 75567819 75568112 75578804 75582640 75594906 75604188 75633933 75649779 75674759 75684348 75694824 75697545 75702504 75703446 75711226 75719622 75725761 75727461 75760083 75780445 75789026 75791268 75801885 75820262 75820586 75829175 75831645 75857284 75869191 75877521 75883012 75888881 75890159 75892213 75892216 75899985 75909125 75917476 75917630 75923431 75924798 75971633 75975585 75982925 75987972 75992687 75997381 76001349 76002706 76012217 76013755 76018482 76030317 76043459 76048207 76048955 76065204 76074147 76089216 76089729 76098352 76136797 76170158 76176863 76182543 76192784 76211825 76216604 76252663 76253309 76253543 76274372 76301991 76308018 76313165 76347910 76347952 76356629 76357282 76369710 76382662 76397156 76398092 76407814 76423720 76440470 76453451 76455618 76456360 76473741 76480525 76483503 76485920 76487254 76498101 76499540 76505682 76549812 76568775 76570366 76578737 76580364 76580731 76599865 76602740 76604102 76609956 76661115 76669992 76674499 76688506 76717827 76718599 76723409 76730062 76760375 76763689 76784995 76813098 76816794 76862631 76869560 76876256 76876968 76885414 76900547 76905236 76933810 76934658 76935730 76937411 76944295 76952741 76953269 76955808 76958956 76960541 76982035 76990712 76992446 76995893 76996744 77002734 77017802 77017939 77029591 77047462 77064743 77068994 77100517 77113379 77121281 77126686 77130765 77134034 77136119 77138283 77149829 77153286 77159068 77167500 77175948 77176472 77189613 77192800 77212574 77224682 77226612 77227493 77252132 77256755 77274930 77276983 77277655 77281199 77282800 77289444 77313594 77319952 77322591 77325296 77330970 77334056 77354521 77357950 77382800 77383114 77386872 77389622 77397647 77403195 77413079 77416180 77416922 77420332 77424772 77439873 77444553 77449287 77449755 77463485 77464014 77468585 77494715 77495780 77507550 77521027 77521566 77539811 77560301 77566137 77571137 77581377 77584244 77585364 77594270 77598914 77602673 77603343 77604929 77628426 77645796 77652321 77659668 77660121 77660464 77665898 77667385 77668700 77670717 77672633 77677571 77677758 77685256 77692911 77703438 77705202 77754260 77762188 77764695 77810072 77816321 77851171 77880540 77880790 77882171 77909531 77910661 77947684 77949102 77950054 77954807 77979412 77982178 77990561 78011650 78015664 78017671 78041513 78051252 78056137 78060587 78074542 78086298 78088401 78113045 78131552 78141042 78151702 78153115 78154848 78172915 78184183 78195965 78201059 78207547 78227314 78236028 78248587 78249073 78250242 78251061 78252623 78254463 78255976 78305343 78306224 78325364 78329026 78332517 78335194 78348014 78351455 78352191 78364272 78377461 78398836 78404652 78422668 78455817 78459874 78462612 78476033 78481176 78481402 78484996 78510952 78512737 78520615 78538085 78541905 78567582 78574809 78576191 78583072 78586383 78629311 78633412 78635389 78655355 78660517 78664077 78711285 78711529 78712654 78714160 78721043 78721517 78723670 78729545 78743479 78747904 78749381 78751927 78752235 78783152 78785908 78786590 78811623 78819999 78825069 78826126 78827284 78828988 78831858 78847123 78859549 78865999 78890998 78892011 78894894 78915540 78926691 78940794 78946155 78952047 78953241 78954533 78969115 78976147 78986868 78994055 78996336 79004626 79012524 79017226 79023477 79030840 79067619 79085443 79103226 79125186 79136588 79138437 79151643 79154376 79155877 79158501 79160746 79163268 79177729 79179027 79195166 79196015 79196369 79200619 79213678 79223490 79225842 79226851 79235579 79236767 79240131 79247748 79256893 79261738 79269884 79271871 79290321 79302680 79338498 79338989 79341599 79353305 79368000 79372370 79385714 79391021 79394457 79418025 79427207 79430000 79432849 79435432 79456124 79459088 79474163 79491245 79510377 79514945 79515045 79521516 79533725 79553777 79564835 79567123 79574055 79581986 79608116 79614958 79627637 79638186 79645657 79654311 79670515 79671977 79678921 79681938 79713436 79718363 79738961 79743723 79745436 79756799 79758193 79760998 79762187 79796921 79807616 79832611 79842351 79861169 79878577 79885692 79886595 79889415 79919453 79923658 79939051 79940286 79962439 79970811 79989906 80014895 80025053 80025657 80032498 80056287 80067280 80070586 80088074 80091254 80100723 80124881 80132677 80137587 80142726 80145253 80145887 80151008 80158204 80168950 80176333 80182028 80187946 80215188 80217159 80218271 80219050 80230121 80236610 80254540 80266734 80269349 80271623 80274968 80281135 80298134 80310373 80314609 80328092 80333843 80341314 80345119 80375645 80376626 80385930 80389465 80394261 80422615 80442192 80456556 80458790 80464489 80480146 80480267 80482407 80491690 80491964 80492479 80494976 80507773 80508733 80525557 80529858 80530259 80532087 80537785 80544639 80562603 80581722 80605329 80627753 80638002 80653427 80659123 80659240 80663673 80684587 80685979 80687117 80695396 80710367 80719845 80732479 80749053 80762301 80784215 80791429 80811960 80818835 80831615 80840983 80846947 80852764 80862944 80873764 80890033 80893573 80899436 80903179 80911204 80912926 80914580 80916945 80925181 80940739 80946749 80957220 80970791 80971623 80973184 80980706 80983317 80996282 80997120 81026972 81030266 81031272 81034686 81045872 81052182 81060601 81075849 81088007 81089564 81106992 81118756 81120057 81122455 81125067 81126469 81131138 81146381 81152967 81170435 81185611 81185774 81194120 81200612 81224511 81239628 81242979 81250213 81259625 81281850 81282728 81284872 81286110 81303236 81312778 81317781 81327163 81355041 81383123 81386444 81386836 81386874 81404481 81407117 81407154 81409331 81412246 81432761 81433358 81476996 81479628 81484538 81487145 81507385 81508231 81512591 81540089 81559638 81567350 81607990 81624828 81657528 81660111 81660173 81689841 81726909 81744616 81772791 81774697 81788922 81805984 81810672 81834474 81842270 81861833 81864562 81893341 81898543 81904143 81923005 81951963 81961776 81965742 81968595 81974228 81978219 81994912 81997915 81998294 81998551 82022436 82075016 82078698 82084621 82099477 82115489 82131070 82151669 82170778 82178131 82184090 82189823 82199908 82217010 82217089 82226150 82226529 82235845 82240397 82247237 82252113 82264541 82286368 82303379 82305036 82426322 82440670 82462317 82475905 82481021 82484304 82484815 82490079 82494780 82495525 82519976 82529562 82530968 82535467 82538145 82539655 82573802 82574359 82584746 82587849 82595344 82606203 82623526 82634657 82640824 82664782 82667187 82667409 82669316 82673398 82676911 82677742 82683666 82697078 82699967 82701761 82720310 82724332 82736758 82748379 82751191 82761859 82770813 82781781 82783246 82822244 82864469 82868005 82872446 82878828 82882895 82887828 82909799 82918079 82928044 82928872 82930951 82938527 82949259 82962777 82978948 82983970 82984815 82989246 83029838 83051730 83063344 83067398 83073181 83115352 83124715 83129646 83135969 83144008 83163811 83178310 83186435 83196219 83210696 83211119 83234281 83236999 83240623 83255458 83257425 83269972 83283785 83300323 83300912 83316664 83317456 83372834 83379295 83386750 83400678 83421721 83441069 83442879 83452644 83467645 83480252 83485600 83487694 83491976 83509178 83531284 83535552 83536884 83564271 83564850 83569047 83592505 83594125 83613538 83630974 83640070 83654525 83657644 83667738 83674106 83708304 83715961 83725851 83731645 83733575 83735341 83746608 83747449 83757073 83764054 83764502 83767542 83772703 83784867 83790896 83794881 83803953 83824426 83844448 83859303 83865403 83867131 83871704 83880059 83880650 83884713 83901553 83913899 83931858 83962303 83962544 83968519 83973440 83974780 83988502 83998598 84034743 84035668 84064080 84082476 84083554 84089666 84125470 84136872 84145180 84145870 84163367 84165545 84178977 84188360 84194499 84195038 84196920 84208896 84224605 84241333 84256302 84257321 84261964 84263992 84266307 84267043 84289078 84291819 84298549 84300204 84321677 84321990 84333154 84340054 84360154 84389824 84420681 84447050 84449579 84473663 84496967 84503021 84516405 84518700 84549522 84550093 84556695 84558624 84564823 84583708 84598977 84606459 84609186 84618692 84658773 84668029 84677162 84686116 84686807 84688145 84703753 84711334 84732352 84749252 84753587 84761663 84777363 84781340 84783929 84794408 84831208 84852624 84877190 84880620 84885149 84887459 84889535 84913384 84942418 84947932 84953415 84980995 85004383 85009888 85014733 85018510 85022726 85031143 85032677 85035224 85045154 85059069 85064410 85069299 85071876 85073836 85090997 85093774 85095409 85116043 85117572 85147448 85148751 85161502 85189259 85191071 85195867 85208937 85216794 85227512 85242025 85261982 85268397 85291675 85303895 85306811 85307418 85335290 85336893 85338314 85346720 85361261 85381166 85391211 85399407 85409079 85415315 85420400 85431974 85454874 85457948 85476356 85476807 85478749 85480972 85485157 85487826 85494304 85500684 85502991 85505936 85513036 85513354 85520732 85525567 85536652 85603111 85611489 85625874 85642920 85652064 85667836 85669443 85672062 85680865 85696980 85701148 85701403 85703245 85703456 85704041 85707068 85708672 85723168 85748345 85748499 85757909 85758738 85767792 85771346 85775012 85795333 85797442 85807278 85809230 85842676 85867727 85887502 85893900 85894166 85901167 85903365 85912461 85920007 85931672 85940022 85969252 85987113 85988189 86007934 86039609 86043190 86063475 86075004 86089324 86096910 86107334 86122117 86134827 86141635 86143334 86144679 86164025 86165442 86170599 86171505 86177029 86177484 86179490 86179937 86186766 86207094 86214630 86225916 86232067 86244372 86248663 86251647 86284449 86284892 86284953 86292790 86298591 86299009 86299063 86301329 86311878 86318216 86322818 86327621 86333726 86339302 86339403 86344564 86347143 86359666 86359741 86361978 86374859 86390093 86393329 86394885 86395537 86399176 86407090 86415652 86427038 86429443 86436706 86451757 86452402 86464046 86466663 86484497 86486009 86489104 86513050 86530101 86551796 86562379 86562830 86573376 86573589 86577558 86590958 86621106 86625481 86626278 86637482 86645301 86650068 86668915 86671070 86673155 86677743 86685274 86700328 86702092 86717064 86719392 86749553 86757918 86762619 86782010 86793147 86807862 86809460 86813137 86826868 86841140 86842581 86850411 86856612 86859499 86860713 86867518 86873717 86887539 86887967 86898863 86907415 86910067 86914129 86922590 86936517 86939308 86940756 86953983 86966867 86967865 86968420 86972467 86981211 87001489 87012726 87016267 87036645 87044438 87052298 87059253 87065084 87069529 87075783 87079070 87080709 87082950 87083864 87085496 87105725 87107487 87110539 87111314 87116312 87151763 87166520 87174311 87184581 87200977 87202405 87215133 87227497 87238095 87252979 87258715 87275258 87286352 87287386 87308467 87311954 87327163 87328240 87331618 87333524 87336595 87347940 87396064 87399044 87409058 87420475 87422087 87442640 87466013 87471707 87497307 87535589 87569600 87585430 87586025 87586067 87590539 87595941 87601896 87611581 87618165 87621578 87623647 87630543 87631712 87644112 87649461 87666591 87678645 87687357 87694172 87696036 87698887 87698908 87702771 87705348 87707628 87709337 87711935 87737662 87740810 87741824 87751836 87758631 87761337 87769160 87776087 87783264 87783638 87806227 87806385 87825235 87828226 87828813 87829324 87833470 87891842 87900258 87906885 87916099 87935066 87943997 87948079 87963445 87965908 87993944 88002593 88016633 88035067 88046543 88055429 88056612 88062393 88068776 88075286 88076298 88083275 88134123 88150578 88152564 88157213 88159363 88162225 88168074 88176207 88184708 88189297 88190251 88201500 88210510 88214710 88216069 88226133 88240709 88242119 88271921 88277317 88286981 88288861 88303497 88310488 88330430 88334429 88360865 88365036 88370643 88391479 88402791 88418291 88425734 88460395 88485639 88494523 88500599 88503306 88509215 88532009 88552749 88561361 88571218 88602942 88609701 88616438 88617382 88648325 88669352 88671909 88691096 88695784 88712992 88727582 88750093 88756491 88762541 88766232 88769857 88787324 88834105 88835513 88848558 88853215 88861679 88871268 88899780 88936029 88965255 88965431 88966756 88977514 88993224 89011931 89014315 89015753 89029828 89040758 89043511 89052140 89060024 89068165 89076124 89088591 89089513 89102928 89107563 89108656 89118140 89122361 89127296 89130940 89132512 89132556 89142938 89180458 89185166 89188300 89199916 89201643 89218836 89223866 89224031 89226416 89237133 89241070 89241145 89248497 89249049 89253337 89264612 89285048 89285555 89292371 89294548 89300577 89310003 89315485 89320237 89322334 89328913 89404779 89413600 89415056 89447748 89450679 89453017 89454136 89455401 89457839 89459671 89487679 89488514 89511492 89523820 89536594 89543225 89544245 89552256 89572334 89574487 89592520 89596766 89598322 89601684 89616329 89619838 89632441 89639403 89651624 89658902 89661689 89664195 89668532 89682194 89703677 89707505 89732294 89740003 89752937 89756564 89759472 89760443 89764371 89765940 89769854 89796229 89798182 89802486 89817967 89823469 89848173 89848717 89862316 89870612 89881691 89889552 89924624 89932487 89939284 89944202 89948639 89952497 89977828 89992806 89994232 90007443 90019057 90022943 90048576 90054083 90054629 90055719 90060861 90061320 90064433 90076275 90079946 90089648 90096150 90107055 90118873 90126923 90131695 90138493 90139345 90139553 90146148 90152824 90158685 90162271 90187110 90194347 90197218 90204429 90221334 90226540 90243920 90246046 90248185 90277286 90288960 90290801 90290867 90316223 90323235 90328135 90336702 90337578 90357769 90363781 90386742 90405401 90411494 90417938 90429834 90435578 90437653 90471991 90486035 90496486 90502448 90512773 90514319 90519973 90528371 90554125 90555275 90559184 90579966 90585936 90589149 90597405 90600528 90613799 90624871 90654823 90730340 90753920 90772359 90774966 90779610 90781747 90787449 90790105 90790223 90793885 90798925 90806595 90807800 90812615 90825473 90843138 90854781 90902343 90910045 90910251 90918321 90923397 90952591 90953074 90955691 90980220 90984762 90986430 91003465 91005627 91028469 91036876 91042158 91050920 91052890 91054874 91056034 91058367 91080755 91082403 91083940 91084658 91087945 91092050 91108555 91133259 91134043 91137510 91175494 91177552 91178141 91187414 91194878 91220998 91231450 91250860 91260238 91270818 91287298 91288398 91289885 91292507 91346475 91346871 91405151 91409129 91409574 91422687 91426224 91444010 91449404 91458321 91474576 91491252 91500987 91512183 91515121 91521740 91526825 91541336 91544066 91553861 91562647 91565514 91567689 91579131 91610183 91636069 91640535 91649819 91655230 91657309 91667903 91669376 91672953 91681755 91698626 91702857 91705822 91705968 91706189 91717739 91721426 91737908 91752730 91757290 91759472 91762608 91802199 91811677 91813419 91820305 91820763 91837081 91837344 91861458 91862614 91869525 91886180 91927938 91937561 91956064 91964145 91970044 91971549 91976052 91978528 91979361 91981071 91982420 91985202 91987909 92000688 92012554 92012660 92018970 92024377 92024392 92031044 92032356 92039552 92049251 92067173 92067925 92071630 92072732 92116204 92120217 92133386 92184681 92199019 92203353 92208811 92209880 92226252 92229032 92232701 92238734 92244920 92257290 92274318 92293793 92294164 92295662 92306507 92310426 92320011 92321823 92331734 92335136 92337721 92340631 92349686 92364192 92392072 92397027 92400992 92406404 92424134 92424384 92426396 92449071 92451085 92481398 92481946 92483553 92483641 92493322 92495149 92504544 92543517 92553815 92555606 92566632 92573670 92595409 92603107 92603789 92609767 92621106 92629731 92633037 92639021 92672959 92673433 92677496 92690883 92699056 92716559 92717782 92728740 92741677 92748497 92753419 92756316 92765018 92782560 92799450 92805921 92818483 92823053 92825626 92827828 92829247 92830241 92845244 92848219 92866604 92879146 92888989 92896727 92897072 92897227 92901217 92906301 92930994 92940484 92950972 92961152 92975607 92977234 92986083 93001061 93023222 93049601 93056838 93080021 93086667 93087753 93091234 93133297 93146469 93168027 93171721 93173410 93186485 93207921 93231432 93234060 93235437 93239759 93258955 93284267 93306141 93317740 93331760 93332352 93344907 93360492 93369465 93372715 93382711 93423940 93435764 93460394 93460504 93472682 93478576 93499554 93499853 93506941 93514756 93519606 93522397 93544033 93559172 93560552 93568440 93573340 93610580 93616837 93618851 93628978 93633361 93647787 93657127 93663101 93676497 93677133 93685162 93702381 93708003 93721878 93757797 93760095 93765399 93771093 93777024 93777162 93796492 93804698 93816091 93829124 93843105 93847265 93861022 93873208 93887746 93894887 93905391 93905869 93924720 93933432 93936086 93938581 93956671 93963187 93963344 93967918 93977097 93977702 93994356 93995668 94004572 94005976 94022846 94023645 94027764 94031604 94038987 94039292 94044040 94057029 94066260 94067471 94075499 94082206 94100528 94107474 94109229 94127407 94133008 94138830 94141413 94153647 94181888 94183851 94194496 94218548 94219210 94236532 94238236 94243417 94254246 94262374 94267602 94268468 94279850 94286606 94301946 94303216 94321594 94327150 94330109 94333396 94361164 94372719 94381110 94384903 94419334 94428398 94439218 94447251 94450197 94458490 94482618 94499896 94504054 94507116 94511388 94517208 94517891 94521051 94527077 94530447 94541134 94561353 94576772 94578590 94594035 94607577 94613622 94626554 94630144 94630326 94654696 94655657 94670398 94673732 94677936 94687831 94697675 94703382 94712258 94735157 94743554 94768892 94772048 94778659 94779331 94781055 94792798 94800913 94814871 94826288 94833851 94842819 94859014 94873411 94893539 94904480 94906098 94906248 94909520 94917881 94934528 94939847 94946287 94965900 94996272 95007018 95017302 95022130 95023376 95035023 95050361 95078573 95081394 95081581 95086095 95095040 95112774 95114819 95125470 95137894 95172685 95184257 95192474 95194164 95199015 95204072 95241573 95280435 95297329 95298558 95317936 95319418 95323287 95326768 95336017 95349525 95354402 95354435 95373053 95381011 95383627 95384027 95385650 95396253 95413577 95420775 95422181 95426984 95480984 95486817 95492592 95504722 95507968 95521815 95522198 95531728 95538403 95543694 95553409 95554085 95583996 95599643 95613794 95625854 95644704 95659922 95694278 95699584 95701182 95728621 95739567 95745506 95754977 95782246 95800943 95802781 95808282 95817586 95822330 95823135 95831619 95840132 95853971 95866778 95871848 95877961 95881466 95881771 95927803 95935809 95945254 95953727 95961205 95964176 95974639 95979797 95987281 95993446 95994365 95996966 96013997 96043987 96044778 96064982 96066532 96069740 96073309 96074128 96097559 96112434 96124274 96164829 96170606 96199067 96216635 96219074 96231753 96241901 96258821 96276984 96282262 96296106 96309543 96312254 96323486 96323509 96344579 96351401 96358722 96373505 96402142 96405442 96411941 96417802 96419346 96419910 96430214 96434862 96455323 96466300 96478584 96480793 96484494 96485220 96491103 96529706 96530798 96534174 96542431 96548451 96549017 96564640 96567381 96585245 96587216 96592280 96604135 96605681 96620527 96625400 96635736 96637821 96639736 96648485 96649246 96654731 96657445 96673692 96680973 96681174 96705328 96708897 96711372 96720496 96733586 96749734 96760640 96769557 96805370 96806793 96808772 96835776 96845687 96848693 96852246 96857213 96863429 96863822 96865716 96879127 96890077 96930486 96932132 96953890 96958275 96964518 96975975 96989018 96994885 96997514 97010144 97023915 97037617 97056901 97115715 97122558 97125699 97129386 97130670 97139669 97145577 97157157 97191184 97201978 97207948 97216655 97228145 97257889 97273888 97275218 97278824 97285184 97289340 97307184 97317149 97322299 97327533 97332648 97348422 97369599 97370453 97388288 97389385 97424934 97435250 97450949 97452390 97466208 97485165 97486364 97493695 97502180 97508323 97524939 97531882 97545055 97567397 97572626 97580783 97602219 97606871 97612946 97615464 97627695 97643708 97667465 97667613 97682052 97685862 97720970 97724149 97725339 97744151 97755519 97783707 97789049 97790781 97797629 97799475 97811113 97820418 97829331 97833434 97836826 97839968 97843510 97843721 97867061 97869848 97876587 97881086 97885189 97892450 97905393 97930077 97943177 97956366 97966527 97969009 97974743 98007501 98017904 98018564 98026044 98039818 98046020 98050194 98061097 98085616 98089616 98090311 98102952 98114866 98124907 98133027 98147901 98152335 98162860 98166704 98198947 98228707 98231241 98252933 98256263 98259978 98260437 98272678 98279608 98286846 98304671 98306063 98311046 98339021 98359043 98371304 98394573 98395825 98397698 98401199 98418039 98426472 98444342 98453132 98468829 98469518 98480300 98486079 98487257 98488388 98496125 98499567 98519367 98520259 98541056 98548648 98555202 98559169 98562877 98580062 98586678 98587789 98589676 98590996 98594188 98614068 98626515 98634760 98639489 98646244 98646482 98654431 98677149 98680771 98697578 98706254 98723910 98734108 98749227 98770324 98770810 98785907 98789135 98790202 98797981 98801282 98803613 98812293 98812893 98839600 98848365 98856855 98857905 98868294 98868973 98869241 98884612 98892140 98917614 98923022 98941865 98943752 98957745 98960924 98973914 99011135 99019865 99022795 99034708 99035614 99035954 99038037 99050750 99054276 99086384 99106721 99112218 99121102 99123247 99126537 99127794 99137691 99142647 99159254 99168766 99192310 99194599 99198311 99199645 99203110 99220233 99226043 99234729 99241631 99243750 99283447 99285735 99299209 99330575 99341859 99378789 99395155 99400840 99401797 99412456 99414543 99420852 99428721 99433183 99434574 99435411 99455089 99456112 99473901 99503733 99507896 99525343 99543473 99554235 99554251 99559972 99570312 99574630 99591992 99605602 99623396 99635029 99639617 99660766 99679330 99685600 99686280 99705733 99718639 99725288 99742381 99747076 99763696 99767854 99769427 99786287 99789849 99794606 99801430 99811710 99819387 99840956 99860032 99897076 99899769 99901988 99903281 99914864 99920361 99922313 99924986 99928857 99942902 99945275 99946833 99948802 99958697 99958940 99964284 99967704 99980185 99983185
